# This file may be used to create an environment using:
# $ conda create --name <env> --file <this file>
# platform: win-64
# created-by: conda 24.9.2
_libavif_api=1.1.1=h57928b3_2
aom=3.9.1=he0c23c2_0
bzip2=1.0.8=h2466b09_7
ca-certificates=2024.12.14=h56e8100_0
cairo=1.18.2=h5782bbf_1
dav1d=1.2.1=hcfcfb64_0
font-ttf-dejavu-sans-mono=2.37=hab24e00_0
font-ttf-inconsolata=3.000=h77eed37_0
font-ttf-source-code-pro=2.038=h77eed37_0
font-ttf-ubuntu=0.83=h77eed37_3
fontconfig=2.15.0=h765892d_1
fonts-conda-ecosystem=1=0
fonts-conda-forge=1=0
freetype=2.12.1=hdaf720e_2
graphite2=1.3.13=h63175ca_1003
harfbuzz=10.2.0=h885c0d4_0
icu=75.1=he0c23c2_0
lerc=4.0.0=h63175ca_0
libavif16=1.1.1=h4d049a7_2
libdeflate=1.23=h9062f6e_0
libexpat=2.6.4=he0c23c2_0
libffi=3.4.2=h8ffe710_5
libflac=1.4.3=h63175ca_0
libglib=2.82.2=h7025463_1
libiconv=1.17=hcfcfb64_2
libintl=0.22.5=h5728263_3
libjpeg-turbo=3.0.0=hcfcfb64_1
liblzma=5.6.3=h2466b09_1
libmad=0.15.1b=hcfcfb64_1001
libmpdec=4.0.0=h2466b09_0
libogg=1.3.5=h2466b09_0
libpng=1.6.46=had7236b_0
libsqlite=3.48.0=h67fdade_1
libtiff=4.7.0=h797046b_3
libvorbis=1.3.7=h0e60522_0
libwebp-base=1.5.0=h3b0e114_0
libzlib=1.3.1=h2466b09_2
mpg123=1.32.9=h01009b0_0
openssl=3.4.0=ha4e3fda_1
pcre2=10.44=h3d7b363_2
pip=25.0=pyh145f28c_0
pixman=0.44.2=had0cd8c_0
portmidi=2.0.4=h63175ca_2
pygame=2.6.1=py313h12c88fb_0
python=3.13.1=h071d269_105_cp313
python_abi=3.13=5_cp313
rav1e=0.6.6=h975169c_2
sdl2=2.30.10=hecf2515_0
sdl2_image=2.8.2=h5ca362a_1
sdl2_mixer=2.6.3=he8f0768_1
sdl2_ttf=2.24.0=hb42d5a6_0
svt-av1=2.3.0=he0c23c2_0
tk=8.6.13=h5226925_1
tzdata=2025a=h78e105d_0
ucrt=10.0.22621.0=h57928b3_1
vc=14.3=h5fd82a7_24
vc14_runtime=14.42.34433=h6356254_24
vs2015_runtime=14.42.34433=hfef2bbc_24
zstd=1.5.6=h0ea2cb4_0
